3,2
3,1
3,3
10,291
10,65
10,21
10,23
10,177
10,95
11,22
11,27
9,5
8,11
8,16
8,7
8,13
8,2
8,3
163,7
163,3
163,1
161,8
161,7
161,6
161,4
161,3
161,1
159,3
159,1
158,3
158,1
151,5
151,3
151,1
141,7
141,4
141,3
141,1
140,8
140,3
140,1
136,3
136,1
110,6
110,4
110,3
110,1
109,9
109,8
109,3
109,1
104,5
104,3
104,1
99,4
99,3
99,1
59,3
59,1
47,3
47,1
32,5
32,3
32,1
31,9
31,3
31,1
26,14
26,9
26,8
26,7
26,3
26,1
20,3
20,2
20,1
19,3
19,2
19,1
18,3
18,1
14,14
14,13
14,11
14,10
14,9
14,7
14,6
14,3
14,1
13,3
13,1
12,3
12,2
12,1
11,30
11,29
11,28
11,26
11,25
11,23
11,19
11,18
11,17
11,15
11,14
11,13
11,12
11,11
11,10
11,9
11,6
11,5
11,4
11,3
11,2
11,1
10,302
10,271
10,262
10,261
